01000000      
00000000             
00000000             
00000000             
11111111             
11111111             
11111111             
11111111             
11111111             
11111111             
11110010             
01110101             
11011001             
11000100             
01000000             
11110101             
11111111             
11111111             
11111111             
11111111             
11111111             
11111111             
11000000             
11000011             
00000000             
00000000             
00000001             
00000100             
00000010             
00000100             
00001011             
00010110             
00110010             
00001000             
00001100             
00010010             
00011000             
00100100             
00110000             
01001000             
01100000             
01101100             
00000011             
00000001             
00001011             
00101101             
00011010             
00101101             
01000000             
00010111             
11111111             
00000000             
00000000             
00000000             
00000000             
00000000             
00000000             
00000000             
00000000             
00000000             
00000000             
00000000             
00000000             
00000000             
00000000             
00000000             
00000000             
00000000             
00000000             
00000000             
00000000             
00000000             
00000000             
01111111             
00001000             
00000000             
00000000             
00001000             
10000100             
00000000             
00000000             
00000000             
01000000             
01101011             
00000111             
00001111             
11111111             
11111111             
11111111             
11111111             
11111111             
11111111             
